sum_dEdX: 9704.6812517077742
Xmax: 332.10416938810869
dEdXmax: 301.16345374554044
