sum_dEdX: 9648.3675351909387
Xmax: 376.32151887045165
dEdXmax: 281.26415585533914
